500
68139
64866
10586
25942
84123
13178
40314
25850
66488
82692
52952
37445
47097
66004
65418
51035
7259
71192
91853
78864
22744
95026
54312
73846
87773
3276
6074
30563
19957
64158
41687
40976
82569
92138
52127
571
74024
8122
9219
48913
31343
90122
36585
61233
11661
68637
87849
32839
80556
99176
29374
74254
95224
94649
14693
88198
36097
33060
65129
40878
51968
91532
25609
71584
40545
42149
96250
74085
26949
35638
52870
27087
13123
8535
9170
18496
25195
44954
29028
22956
74944
4223
83680
36699
46995
87494
23782
52877
5212
22718
86669
88314
52488
24877
63637
19699
94213
86208
62549
86016
14832
980
27323
99701
91851
67825
88829
2823
30457
95104
99960
108
7319
88509
46196
12432
6466
25638
53468
41630
24318
77107
87673
88419
13375
96814
93569
64252
75064
20393
15174
71382
82338
27497
68845
45722
11314
13922
70499
37826
34423
4427
15112
80357
98451
54453
14224
93925
4463
15795
95176
56134
69509
45039
28697
42516
63059
34182
42157
33027
71722
3546
81425
82884
99661
3024
19628
43679
60960
59972
47817
31725
11291
76398
24833
79010
30453
47799
94251
11435
55410
90688
10132
39215
60517
41469
40401
58546
82619
27999
29133
4361
50381
57450
97001
64404
56463
47362
90011
80579
29293
36173
41342
84366
2031
7332
60116
80348
90238
777
52291
26400
68186
28587
53250
91395
34294
9067
46800
46019
6072
52064
56258
35259
43000
75362
67161
87208
666
42165
12659
19325
84400
79998
5736
15068
54113
14777
36906
90268
67096
54093
82375
35755
43234
71518
77564
76320
98052
46374
5413
45508
80111
89606
8357
22104
6664
54360
52550
61657
53339
72874
68811
64948
46664
64431
52036
54541
67205
70742
3997
59472
67931
43604
17360
36933
34129
92254
78500
99124
64935
37372
773
44198
20276
22430
99545
14481
38982
89245
63793
82249
84459
30074
55374
33464
2194
89547
7089
8315
64162
98729
27440
56004
38342
29804
12060
30501
69499
8084
47310
79535
20449
56137
6251
39614
23166
45348
18019
2638
93265
61514
46621
81923
40775
9147
54842
63775
71929
7662
25393
92498
92571
7560
18693
71343
2999
10148
2329
12916
53719
2418
43396
43440
17939
27148
16005
61354
30384
16925
82194
6005
62324
63998
65641
23099
69201
75295
3464
13198
97800
73827
83210
48731
11453
21011
31431
93748
96188
29521
62632
44454
14932
72461
26171
12918
93871
59299
88538
77497
92142
49444
35212
6532
4606
72328
20268
65648
20488
81417
41129
79607
73983
72088
42566
77727
77177
92547
8543
29736
84972
55867
5411
14539
3537
3526
85058
69069
40933
5539
92848
65870
44175
19706
75406
9945
6041
32421
23768
9410
45829
27725
93414
35384
61343
77849
21291
35985
8037
10760
76827
7728
41558
24942
39236
4136
29455
73932
5273
57284
7144
48988
67184
6122
81308
45498
67810
42507
42031
96366
78530
24961
96764
18115
57171
9602
99417
15894
67627
21262
67433
25782
58882
33532
90331
47097
92309
91736
45339
81751
83305
30832
80921
97289
1033
32614
36629
18896
53014
40111
72285
48268
19068
24263
15
33759
68905
44578
70989
60843
19840
61131
28087
35273
89880
84800
29645
44365
5072
11414
